sample	ref_genome	total_reads	mapping_rate	pairing_rate	(>=5)_depth_proportion	zero_depth_proportion	mean_depth	median_depth	S288C_chrI_mean_depth	S288C_chrI_median_depth	S288C_chrII_mean_depth	S288C_chrII_median_depth	S288C_chrIII_mean_depth	S288C_chrIII_median_depth	S288C_chrIV_mean_depth	S288C_chrIV_median_depth	S288C_chrV_mean_depth	S288C_chrV_median_depth	S288C_chrVI_mean_depth	S288C_chrVI_median_depth	S288C_chrVII_mean_depth	S288C_chrVII_median_depth	S288C_chrVIII_mean_depth	S288C_chrVIII_median_depth	S288C_chrIX_mean_depth	S288C_chrIX_median_depth	S288C_chrX_mean_depth	S288C_chrX_median_depth	S288C_chrXI_mean_depth	S288C_chrXI_median_depth	S288C_chrXII_mean_depth	S288C_chrXII_median_depth	S288C_chrXIII_mean_depth	S288C_chrXIII_median_depth	S288C_chrXIV_mean_depth	S288C_chrXIV_median_depth	S288C_chrXV_mean_depth	S288C_chrXV_median_depth	S288C_chrXVI_mean_depth	S288C_chrXVI_median_depth
AND1702-8.a	S288C.genome.fa	9939966	1.00	1.00	0.95	0.05	79.97	83.00	74.30	86.00	82.24	85.00	78.78	86.00	77.84	82.00	79.96	84.00	87.72	91.00	79.28	83.00	81.21	84.00	82.71	86.00	81.02	85.00	83.98	86.00	78.53	80.00	79.55	83.00	82.12	85.00	78.03	82.00	78.67	82.00
AND1702-8.a	SK1.genome.fa	9962972	1.00	1.00	0.96	0.04	80.76	84.00	91.39	93.00	79.74	84.00	77.08	85.00	84.38	83.00	77.63	83.00	78.99	88.00	80.15	83.00	81.38	84.00	77.25	84.00	80.43	85.00	82.81	86.00	78.32	81.00	82.88	84.00	82.14	85.00	80.98	83.00	77.20	82.00
AND1702-8.b	S288C.genome.fa	12635404	1.00	1.00	0.94	0.05	101.83	107.00	117.29	123.00	104.03	109.00	103.50	113.00	95.74	103.00	102.12	108.00	115.75	120.00	102.01	106.00	101.48	108.00	101.01	108.00	102.36	108.00	108.48	111.00	97.36	101.00	101.95	107.00	103.18	108.00	104.36	106.00	97.79	105.00
AND1702-8.b	SK1.genome.fa	12639575	1.00	1.00	0.96	0.03	102.72	107.00	109.96	120.00	104.04	109.00	105.91	113.00	102.54	106.00	101.26	108.00	102.43	116.00	100.98	106.00	105.72	111.00	102.26	108.00	103.50	109.00	105.70	110.00	97.59	102.00	105.23	108.00	105.28	109.00	101.49	106.00	100.06	106.00
AND1702-8.c	S288C.genome.fa	12380264	1.00	1.00	0.95	0.05	99.70	105.00	89.83	104.00	100.87	106.00	99.95	107.00	94.64	102.00	99.57	106.00	103.80	111.00	99.63	105.00	98.82	105.00	99.01	106.00	99.33	106.00	105.71	108.00	100.30	104.00	101.18	106.00	103.05	108.00	102.02	105.00	97.60	104.00
AND1702-8.c	SK1.genome.fa	12356572	1.00	1.00	0.96	0.04	100.33	106.00	110.27	113.00	103.59	107.00	97.63	106.00	101.06	105.00	97.92	106.00	106.61	112.00	99.19	105.00	101.25	106.00	98.16	105.00	100.21	106.00	101.55	107.00	98.36	105.00	101.67	106.00	101.50	107.00	99.62	104.00	96.04	103.00
AND1702-8.d	S288C.genome.fa	11450068	1.00	1.00	0.95	0.05	92.14	97.00	99.80	105.00	96.15	100.00	84.64	95.00	87.58	94.00	92.91	99.00	95.24	102.00	92.98	97.00	91.55	97.00	92.06	98.00	94.33	99.00	98.02	101.00	90.97	95.00	93.81	98.00	96.04	100.00	89.74	95.00	88.62	95.00
AND1702-8.d	SK1.genome.fa	11433981	1.00	1.00	0.95	0.04	92.69	97.00	93.27	101.00	92.14	98.00	94.62	100.00	94.37	96.00	89.79	97.00	99.43	104.00	91.39	97.00	94.54	98.00	88.98	97.00	92.99	99.00	95.25	100.00	90.05	95.00	94.49	98.00	92.98	98.00	93.63	97.00	89.30	95.00
AND1702-9.a	S288C.genome.fa	12663892	1.00	1.00	0.95	0.05	101.89	107.00	111.14	118.00	104.13	108.00	98.79	110.00	95.65	102.00	104.04	109.00	109.06	114.00	102.94	107.00	101.35	107.00	104.14	110.00	103.21	108.00	105.25	108.00	102.03	104.00	102.46	107.00	104.73	109.00	99.69	105.00	100.03	105.00
AND1702-9.a	SK1.genome.fa	12697460	1.00	1.00	0.96	0.04	102.99	107.00	113.75	117.00	102.83	108.00	104.56	111.00	103.34	104.00	102.02	109.00	109.63	115.00	101.31	106.00	103.21	108.00	100.09	109.00	101.40	108.00	104.61	108.00	99.29	104.00	106.80	108.00	106.32	109.00	103.79	106.00	97.80	104.00
AND1702-9.b	S288C.genome.fa	12011337	1.00	1.00	0.95	0.05	96.89	102.00	90.43	104.00	100.18	104.00	97.45	106.00	92.36	99.00	98.54	104.00	106.71	111.00	95.63	101.00	95.95	102.00	94.18	102.00	97.29	104.00	102.77	106.00	95.97	100.00	98.56	103.00	99.52	104.00	97.29	101.00	94.63	101.00
AND1702-9.b	SK1.genome.fa	12000282	1.00	1.00	0.95	0.04	97.55	102.00	102.49	110.00	98.41	103.00	94.51	104.00	98.88	101.00	96.67	103.00	97.20	108.00	96.67	101.00	100.98	104.00	95.65	102.00	96.22	103.00	99.87	105.00	94.83	100.00	99.37	103.00	98.37	104.00	98.19	102.00	94.40	100.00
AND1702-9.c	S288C.genome.fa	11532996	1.00	1.00	0.94	0.05	93.03	97.00	100.53	115.00	94.87	98.00	101.24	109.00	85.34	92.00	95.26	100.00	104.75	111.00	90.54	95.00	94.25	98.00	98.43	103.00	95.78	99.00	101.10	102.00	88.33	92.00	94.49	97.00	94.87	98.00	94.00	95.00	87.74	93.00
AND1702-9.c	SK1.genome.fa	11544535	1.00	1.00	0.96	0.04	93.91	97.00	111.55	120.00	95.05	98.00	97.57	107.00	92.02	94.00	93.10	99.00	106.13	112.00	91.89	95.00	96.20	100.00	96.11	102.00	96.32	100.00	96.32	100.00	89.48	93.00	94.11	97.00	93.95	98.00	92.23	95.00	89.72	94.00
AND1702-9.d	S288C.genome.fa	6945015	1.00	1.00	0.95	0.04	54.17	51.00	64.56	58.00	53.38	52.00	56.24	54.00	50.65	49.00	56.03	53.00	63.71	56.00	54.53	52.00	52.24	50.00	54.75	54.00	52.70	50.00	56.17	52.00	56.95	51.00	53.73	52.00	53.95	52.00	54.34	51.00	51.16	50.00
AND1702-9.d	SK1.genome.fa	6882253	1.00	1.00	0.95	0.04	54.09	52.00	65.52	59.00	53.29	52.00	61.67	57.00	54.79	51.00	54.49	53.00	57.47	54.00	52.98	51.00	52.61	50.00	51.70	53.00	52.31	51.00	54.69	51.00	54.17	52.00	55.47	53.00	52.75	52.00	53.92	51.00	50.93	50.00
AND1702-10.a	S288C.genome.fa	8345027	1.00	1.00	0.95	0.05	67.36	70.00	67.38	77.00	70.11	71.00	65.58	72.00	63.54	67.00	67.93	71.00	74.17	78.00	66.59	69.00	67.10	71.00	70.04	73.00	67.29	71.00	71.89	73.00	65.85	68.00	68.29	70.00	68.44	71.00	67.87	70.00	65.61	69.00
AND1702-10.a	SK1.genome.fa	8338793	1.00	1.00	0.96	0.04	67.82	70.00	74.68	80.00	66.89	70.00	72.31	75.00	68.46	69.00	66.07	70.00	75.92	79.00	66.46	69.00	68.63	71.00	67.11	71.00	67.32	71.00	69.84	72.00	65.98	68.00	68.73	71.00	68.24	71.00	67.03	69.00	64.88	68.00
AND1702-10.b	S288C.genome.fa	11419064	1.00	1.00	0.95	0.05	92.10	97.00	100.87	107.00	95.13	99.00	94.28	102.00	87.04	93.00	94.43	99.00	99.49	105.00	91.96	96.00	87.15	95.00	90.76	98.00	92.70	97.00	96.87	99.00	90.66	93.00	92.20	97.00	94.15	98.00	92.47	96.00	90.93	95.00
AND1702-10.b	SK1.genome.fa	11447931	1.00	1.00	0.96	0.04	93.09	97.00	97.17	106.00	94.09	98.00	90.55	100.00	93.07	95.00	91.97	99.00	100.68	106.00	91.53	96.00	96.19	98.00	91.16	98.00	92.49	97.00	94.56	99.00	90.45	94.00	96.11	98.00	93.89	98.00	93.73	96.00	89.43	95.00
AND1702-10.c	S288C.genome.fa	11086482	1.00	1.00	0.95	0.05	89.46	93.00	105.72	112.00	90.51	94.00	95.17	99.00	83.60	89.00	91.57	95.00	102.26	106.00	88.56	92.00	91.02	94.00	87.87	93.00	91.68	94.00	95.60	96.00	86.44	89.00	89.26	92.00	92.22	94.00	88.55	91.00	84.53	90.00
AND1702-10.c	SK1.genome.fa	11103126	1.00	1.00	0.96	0.04	90.31	93.00	108.43	110.00	92.95	94.00	88.70	98.00	90.80	92.00	89.95	95.00	91.75	102.00	88.62	92.00	91.35	95.00	88.24	93.00	88.79	93.00	93.09	96.00	85.64	89.00	92.72	94.00	91.23	94.00	90.45	92.00	86.54	91.00
AND1702-10.d	S288C.genome.fa	11718395	1.00	1.00	0.95	0.05	94.58	99.00	88.91	103.00	95.78	100.00	91.14	101.00	88.81	96.00	94.32	100.00	103.32	108.00	95.30	99.00	99.51	101.00	99.20	104.00	93.73	99.00	100.46	103.00	94.48	97.00	95.78	100.00	98.25	102.00	94.10	98.00	90.32	97.00
AND1702-10.d	SK1.genome.fa	11673633	1.00	1.00	0.95	0.04	94.96	100.00	106.78	107.00	94.93	100.00	100.08	104.00	95.45	98.00	92.57	100.00	94.26	104.00	93.61	99.00	96.38	100.00	92.95	102.00	96.55	101.00	97.64	102.00	92.65	98.00	95.87	100.00	97.12	101.00	94.13	98.00	90.42	97.00
AND1702-11.a	S288C.genome.fa	12334146	1.00	1.00	0.95	0.05	99.70	104.00	111.88	119.00	101.30	106.00	105.04	111.00	93.37	100.00	101.71	107.00	113.01	118.00	99.85	104.00	96.39	104.00	96.68	105.00	100.88	106.00	105.28	108.00	97.51	101.00	99.39	104.00	101.54	105.00	101.22	103.00	96.87	102.00
AND1702-11.a	SK1.genome.fa	12265691	1.00	1.00	0.95	0.04	99.90	105.00	115.74	121.00	102.32	106.00	99.39	110.00	100.24	103.00	98.20	106.00	103.59	114.00	97.53	103.00	102.16	106.00	99.69	106.00	98.58	106.00	102.75	107.00	97.59	102.00	103.19	105.00	98.62	104.00	98.81	103.00	95.62	102.00
AND1702-11.b	S288C.genome.fa	8591106	1.00	1.00	0.95	0.05	69.34	72.00	75.25	80.00	70.69	73.00	69.54	77.00	64.85	69.00	70.30	74.00	76.33	79.00	68.09	71.00	70.21	73.00	72.54	75.00	70.35	73.00	74.67	75.00	69.50	70.00	70.09	72.00	69.60	72.00	67.39	71.00	67.52	71.00
AND1702-11.b	SK1.genome.fa	8571848	1.00	1.00	0.95	0.04	69.70	72.00	78.67	79.00	69.83	73.00	69.85	76.00	70.51	71.00	69.35	73.00	68.83	77.00	69.38	72.00	69.66	73.00	67.13	73.00	69.91	73.00	71.03	74.00	67.40	71.00	70.27	72.00	71.93	73.00	70.15	72.00	66.70	71.00
AND1702-11.c	S288C.genome.fa	9762138	1.00	1.00	0.94	0.05	78.84	82.00	75.19	86.00	79.61	82.00	76.17	83.00	75.03	80.00	78.12	83.00	84.33	88.00	78.86	82.00	77.99	82.00	81.53	84.00	79.90	83.00	83.90	85.00	78.13	81.00	80.03	83.00	82.16	84.00	79.78	82.00	75.88	81.00
AND1702-11.c	SK1.genome.fa	9803327	1.00	1.00	0.96	0.04	79.82	83.00	83.44	89.00	78.93	82.00	80.41	85.00	80.79	82.00	78.62	83.00	85.61	89.00	79.21	82.00	81.81	83.00	76.05	82.00	81.00	84.00	81.73	84.00	78.94	82.00	80.52	83.00	80.41	84.00	78.82	82.00	76.87	81.00
AND1702-11.d	S288C.genome.fa	12798510	1.00	1.00	0.95	0.05	103.45	109.00	104.61	120.00	107.32	111.00	102.89	115.00	96.74	104.00	107.13	113.00	112.23	119.00	105.07	110.00	106.57	110.00	103.28	112.00	104.02	110.00	108.86	112.00	100.30	104.00	104.42	109.00	106.72	111.00	103.01	107.00	98.85	106.00
AND1702-11.d	SK1.genome.fa	12826391	1.00	1.00	0.96	0.04	104.53	109.00	114.43	125.00	103.68	110.00	112.35	118.00	103.29	107.00	102.15	111.00	113.54	120.00	102.87	109.00	106.58	111.00	104.90	112.00	105.09	111.00	107.87	112.00	98.45	104.00	108.44	111.00	105.68	111.00	105.31	108.00	99.31	106.00
AND1702-12.a	S288C.genome.fa	7682568	1.00	1.00	0.95	0.05	61.97	64.00	74.38	78.00	63.09	65.00	66.41	70.00	57.15	61.00	62.40	65.00	83.81	80.00	61.11	63.00	62.08	65.00	63.21	65.00	62.62	64.00	65.55	66.00	59.15	61.00	61.20	63.00	63.92	65.00	61.20	62.00	58.52	62.00
AND1702-12.a	SK1.genome.fa	7679661	1.00	1.00	0.95	0.04	62.44	64.00	77.88	80.00	63.90	64.00	66.14	70.00	61.83	62.00	61.19	64.00	76.88	78.00	60.41	62.00	64.30	65.00	64.50	65.00	61.14	64.00	63.81	66.00	58.43	61.00	64.00	64.00	62.18	64.00	60.30	62.00	59.07	62.00
AND1702-12.b	S288C.genome.fa	12372329	1.00	1.00	0.95	0.05	100.01	104.00	117.34	123.00	102.22	106.00	96.61	108.00	93.25	100.00	102.53	107.00	108.42	115.00	101.10	104.00	99.31	105.00	100.43	107.00	100.69	105.00	104.97	107.00	99.05	101.00	100.98	105.00	102.97	106.00	99.93	103.00	95.30	102.00
AND1702-12.b	SK1.genome.fa	12340991	1.00	1.00	0.96	0.04	100.56	105.00	109.82	119.00	98.65	104.00	105.42	111.00	100.75	103.00	97.63	105.00	110.69	117.00	98.14	103.00	104.13	108.00	98.30	106.00	102.30	106.00	104.71	107.00	97.29	102.00	101.01	105.00	103.80	107.00	99.06	102.00	96.09	102.00
AND1702-12.c	S288C.genome.fa	12368538	1.00	1.00	0.95	0.05	99.99	106.00	95.73	110.00	101.69	106.00	99.05	109.00	95.31	103.00	101.02	107.00	105.02	112.00	98.65	105.00	100.61	106.00	103.60	109.00	100.94	107.00	106.95	109.00	99.64	104.00	100.72	106.00	103.02	107.00	98.65	104.00	98.13	103.00
AND1702-12.c	SK1.genome.fa	12413897	1.00	1.00	0.96	0.04	101.15	106.00	106.92	115.00	100.30	106.00	95.57	107.00	102.50	105.00	97.98	106.00	108.94	114.00	100.70	105.00	103.55	107.00	97.39	106.00	100.35	107.00	103.75	108.00	98.92	104.00	105.07	107.00	102.04	107.00	102.00	105.00	96.53	103.00
AND1702-12.d	S288C.genome.fa	12772766	1.00	1.00	0.95	0.05	103.12	109.00	99.03	115.00	106.06	110.00	101.75	111.00	97.53	105.00	102.25	110.00	114.50	120.00	103.14	108.00	104.99	109.00	105.34	111.00	103.87	110.00	110.07	113.00	101.13	106.00	104.72	109.00	105.17	110.00	103.35	107.00	99.55	106.00
AND1702-12.d	SK1.genome.fa	12761287	1.00	1.00	0.96	0.04	103.81	109.00	117.87	120.00	105.10	110.00	106.76	113.00	104.66	108.00	102.52	110.00	101.11	115.00	102.50	108.00	103.40	109.00	101.97	109.00	104.76	110.00	105.29	111.00	102.35	107.00	104.77	109.00	105.13	110.00	103.97	108.00	98.72	106.00
